0.025000	0.000000	0.000000
0.025050	0.000000	0.000000
0.025100	0.100000	0.316228
0.025150	0.500000	0.527046
0.025200	0.000000	0.000000
0.025250	0.000000	0.000000
0.025300	0.100000	0.316228
0.025350	0.100000	0.316228
0.025400	0.100000	0.316228
0.025450	0.100000	0.316228
0.025500	0.000000	0.000000
0.025550	0.100000	0.316228
0.025600	0.300000	0.483046
0.025650	0.400000	0.516398
0.025700	0.500000	0.707107
0.025750	0.700000	0.483046
0.025800	1.000000	0.000000
0.025850	1.000000	0.471405
0.025900	1.100000	0.316228
0.025950	2.000000	0.000000
0.026000	2.100000	0.316228
0.026050	3.000000	0.000000
0.026100	4.500000	0.527046
0.026150	5.000000	0.000000
0.026200	6.100000	0.316228
0.026250	7.800000	0.421637
0.026300	9.400000	0.516398
0.026350	12.300000	0.483046
0.026400	18.000000	0.000000
0.026450	26.800000	0.421637
0.026500	41.400000	0.516398
0.026550	65.800000	1.032796
0.026600	103.000000	0.666667
0.026650	163.500000	0.527046
0.026700	239.900000	0.316228
0.026750	333.600000	5.777350
0.026800	441.500000	5.930149
0.026850	564.000000	0.942809
0.026900	681.100000	3.446415
0.026950	768.600000	2.270585
0.027000	829.900000	1.100505
0.027050	861.900000	0.737865
0.027100	853.900000	2.024846
0.027150	817.200000	3.047768
0.027200	753.400000	2.065591
0.027250	655.800000	2.097618
0.027300	554.500000	1.433721
0.027350	450.200000	1.316561
0.027400	344.000000	2.981424
0.027450	257.200000	3.155243
0.027500	187.800000	1.932184
0.027550	131.500000	1.080123
0.027600	85.100000	0.316228
0.027650	55.900000	0.316228
0.027700	34.500000	0.527046
0.027750	22.000000	0.000000
0.027800	14.100000	0.316228
0.027850	9.700000	0.483046
0.027900	7.000000	0.471405
0.027950	5.900000	0.567646
0.028000	5.200000	0.632456
0.028050	3.800000	0.632456
0.028100	3.200000	0.421637
0.028150	2.300000	0.483046
0.028200	2.000000	0.000000
0.028250	1.400000	0.516398
0.028300	1.000000	0.000000
0.028350	1.000000	0.000000
0.028400	0.900000	0.316228
0.028450	0.900000	0.567646
0.028500	1.300000	0.674949
0.028550	0.700000	0.823273
0.028600	0.200000	0.421637
0.028650	0.000000	0.000000
0.028700	0.000000	0.000000
0.028750	0.000000	0.000000
0.028800	0.000000	0.000000
0.028850	0.100000	0.316228
0.028900	0.000000	0.000000
0.028950	0.200000	0.421637
