0.023000	7.000000	0.000000
0.023050	7.900000	0.316228
0.023100	8.000000	0.000000
0.023150	8.900000	0.316228
0.023200	9.900000	0.316228
0.023250	10.200000	0.421637
0.023300	12.000000	0.000000
0.023350	13.100000	0.316228
0.023400	14.600000	0.516398
0.023450	16.500000	0.527046
0.023500	19.200000	0.632456
0.023550	23.000000	0.471405
0.023600	27.700000	0.483046
0.023650	34.100000	0.567646
0.023700	41.300000	0.483046
0.023750	48.600000	0.699206
0.023800	58.000000	0.000000
0.023850	71.100000	0.875595
0.023900	92.800000	0.788811
0.023950	132.600000	2.633122
0.024000	200.100000	2.024846
0.024050	315.500000	3.628590
0.024100	500.500000	7.245688
0.024150	770.500000	3.439961
0.024200	985.500000	0.527046
0.024250	985.400000	0.516398
0.024300	985.100000	0.875595
0.024350	985.300000	0.483046
0.024400	986.000000	0.471405
0.024450	986.000000	0.000000
0.024500	986.100000	0.316228
0.024550	986.100000	0.567646
0.024600	986.000000	0.000000
0.024650	985.900000	0.737865
0.024700	986.300000	0.483046
0.024750	986.000000	0.000000
0.024800	985.900000	0.316228
0.024850	986.000000	0.000000
0.024900	986.000000	0.471405
0.024950	985.900000	0.567646
0.025000	986.000000	0.471405
0.025050	985.400000	0.843274
0.025100	985.200000	0.421637
0.025150	985.700000	0.483046
0.025200	788.300000	58.141685
0.025250	479.000000	19.142739
0.025300	269.700000	18.785633
0.025350	140.600000	6.292853
0.025400	66.700000	3.128720
0.025450	40.000000	1.247219
0.025500	27.900000	0.567646
0.025550	23.700000	0.483046
0.025600	22.000000	0.000000
0.025650	20.200000	0.421637
0.025700	18.100000	0.316228
0.025750	16.700000	0.483046
0.025800	13.000000	0.000000
0.025850	10.300000	0.483046
0.025900	8.300000	0.483046
0.025950	7.000000	0.000000
0.026000	6.000000	0.000000
0.026050	6.100000	0.316228
0.026100	6.000000	0.000000
0.026150	6.000000	0.000000
0.026200	6.000000	0.000000
0.026250	7.100000	0.875595
0.026300	5.600000	0.516398
0.026350	5.000000	0.000000
0.026400	4.100000	0.316228
0.026450	4.000000	0.000000
0.026500	2.900000	0.316228
0.026550	2.000000	0.000000
0.026600	2.100000	0.316228
0.026650	2.000000	0.000000
0.026700	1.800000	0.421637
0.026750	2.100000	0.737865
0.026800	1.700000	0.483046
0.026850	1.400000	0.516398
0.026900	1.300000	0.674949
0.026950	1.600000	0.516398
