0.024000	0.000000	0.000000
0.024050	0.000000	0.000000
0.024100	0.100000	0.316228
0.024150	0.000000	0.000000
0.024200	0.200000	0.421637
0.024250	0.000000	0.000000
0.024300	0.000000	0.000000
0.024350	0.000000	0.000000
0.024400	0.000000	0.000000
0.024450	0.000000	0.000000
0.024500	0.000000	0.000000
0.024550	0.000000	0.000000
0.024600	0.000000	0.000000
0.024650	0.000000	0.000000
0.024700	1.000000	0.000000
0.024750	0.000000	0.000000
0.024800	0.000000	0.000000
0.024850	0.100000	0.316228
0.024900	0.000000	0.000000
0.024950	0.100000	0.316228
0.025000	0.000000	0.000000
0.025050	0.200000	0.421637
0.025100	0.300000	0.483046
0.025150	0.600000	0.699206
0.025200	0.600000	0.699206
0.025250	0.200000	0.421637
0.025300	0.000000	0.000000
0.025350	0.000000	0.000000
0.025400	0.000000	0.000000
0.025450	0.000000	0.000000
0.025500	0.000000	0.000000
0.025550	0.000000	0.000000
0.025600	0.000000	0.000000
0.025650	0.200000	0.421637
0.025700	0.100000	0.316228
0.025750	0.000000	0.000000
0.025800	0.000000	0.000000
0.025850	0.000000	0.000000
0.025900	0.000000	0.000000
0.025950	0.000000	0.000000
0.026000	0.000000	0.000000
0.026050	0.000000	0.000000
0.026100	0.000000	0.000000
0.026150	0.300000	0.483046
0.026200	0.100000	0.316228
0.026250	0.100000	0.316228
0.026300	0.000000	0.000000
0.026350	0.100000	0.316228
0.026400	0.000000	0.000000
0.026450	0.400000	0.516398
0.026500	0.900000	0.316228
0.026550	1.100000	0.316228
0.026600	1.700000	0.483046
0.026650	2.600000	0.516398
0.026700	2.100000	0.316228
0.026750	4.000000	0.000000
0.026800	6.100000	0.316228
0.026850	10.300000	0.483046
0.026900	17.400000	0.516398
0.026950	28.000000	0.000000
0.027000	44.000000	0.000000
0.027050	64.100000	0.316228
0.027100	89.800000	0.918937
0.027150	118.600000	0.516398
0.027200	149.100000	0.567646
0.027250	176.800000	0.421637
0.027300	200.100000	0.316228
0.027350	217.000000	0.000000
0.027400	226.000000	0.000000
0.027450	226.000000	0.000000
0.027500	217.900000	0.316228
0.027550	202.100000	0.316228
0.027600	180.400000	0.516398
0.027650	156.100000	0.316228
0.027700	130.500000	0.527046
0.027750	104.800000	0.421637
0.027800	82.100000	0.316228
0.027850	61.900000	0.567646
0.027900	44.500000	0.527046
0.027950	32.000000	0.000000
0.028000	21.400000	0.516398
0.028050	14.900000	0.737865
0.028100	9.100000	0.316228
0.028150	6.000000	0.471405
0.028200	4.000000	0.000000
0.028250	2.700000	0.483046
0.028300	2.000000	0.000000
0.028350	1.100000	0.316228
0.028400	1.100000	0.316228
0.028450	0.800000	0.421637
0.028500	0.000000	0.000000
0.028550	0.700000	0.483046
0.028600	0.000000	0.000000
0.028650	0.000000	0.000000
0.028700	0.000000	0.000000
0.028750	0.000000	0.000000
0.028800	0.000000	0.000000
0.028850	0.000000	0.000000
0.028900	0.000000	0.000000
0.028950	0.000000	0.000000
0.029000	0.100000	0.316228
0.029050	0.300000	0.483046
0.029100	0.000000	0.000000
0.029150	0.000000	0.000000
0.029200	0.000000	0.000000
0.029250	0.000000	0.000000
0.029300	0.000000	0.000000
0.029350	0.000000	0.000000
0.029400	0.000000	0.000000
0.029450	0.000000	0.000000
0.029500	0.400000	0.516398
0.029550	0.300000	0.483046
0.029600	0.100000	0.316228
0.029650	0.100000	0.316228
0.029700	0.100000	0.316228
0.029750	0.400000	0.516398
0.029800	0.400000	0.516398
0.029850	0.200000	0.421637
0.029900	0.200000	0.421637
0.029950	0.100000	0.316228
0.030000	0.600000	0.516398
0.030050	0.200000	0.421637
0.030100	0.000000	0.000000
0.030150	0.100000	0.316228
0.030200	0.000000	0.000000
0.030250	0.000000	0.000000
0.030300	0.000000	0.000000
0.030350	0.000000	0.000000
0.030400	0.000000	0.000000
0.030450	0.000000	0.000000
0.030500	0.000000	0.000000
0.030550	0.100000	0.316228
0.030600	0.000000	0.000000
0.030650	0.000000	0.000000
0.030700	0.000000	0.000000
0.030750	0.000000	0.000000
0.030800	0.000000	0.000000
0.030850	0.000000	0.000000
0.030900	0.000000	0.000000
0.030950	0.000000	0.000000
