0.022000	0.000000	0.000000
0.022050	0.000000	0.000000
0.022100	0.000000	0.000000
0.022150	0.000000	0.000000
0.022200	0.000000	0.000000
0.022250	0.000000	0.000000
0.022300	0.000000	0.000000
0.022350	0.100000	0.316228
0.022400	0.000000	0.000000
0.022450	0.200000	0.421637
0.022500	0.200000	0.421637
0.022550	0.100000	0.316228
0.022600	0.000000	0.000000
0.022650	0.000000	0.000000
0.022700	0.000000	0.000000
0.022750	0.000000	0.000000
0.022800	0.000000	0.000000
0.022850	0.000000	0.000000
0.022900	0.000000	0.000000
0.022950	0.400000	0.516398
0.023000	0.100000	0.316228
0.023050	0.100000	0.316228
0.023100	0.000000	0.000000
0.023150	0.000000	0.000000
0.023200	0.000000	0.000000
0.023250	0.100000	0.316228
0.023300	0.100000	0.316228
0.023350	0.000000	0.000000
0.023400	0.000000	0.000000
0.023450	0.900000	0.316228
0.023500	0.000000	0.000000
0.023550	0.200000	0.421637
0.023600	0.200000	0.421637
0.023650	0.700000	0.483046
0.023700	1.000000	0.000000
0.023750	1.100000	0.316228
0.023800	1.200000	0.421637
0.023850	2.000000	0.000000
0.023900	2.100000	0.316228
0.023950	3.600000	0.516398
0.024000	4.000000	0.000000
0.024050	4.000000	0.000000
0.024100	5.800000	0.421637
0.024150	6.900000	0.316228
0.024200	9.900000	0.316228
0.024250	14.900000	0.316228
0.024300	23.400000	0.699206
0.024350	37.400000	0.516398
0.024400	60.700000	0.483046
0.024450	93.100000	0.737865
0.024500	138.400000	0.516398
0.024550	194.100000	0.875595
0.024600	262.400000	0.843274
0.024650	343.500000	0.527046
0.024700	428.500000	0.707107
0.024750	520.600000	0.843274
0.024800	609.600000	0.843274
0.024850	689.800000	1.316561
0.024900	756.300000	0.674949
0.024950	802.300000	0.674949
0.025000	824.600000	0.699206
0.025050	817.100000	0.316228
0.025100	778.200000	0.632456
0.025150	707.400000	0.516398
0.025200	616.600000	0.843274
0.025250	517.800000	0.632456
0.025300	417.000000	0.471405
0.025350	319.100000	0.567646
0.025400	232.700000	0.674949
0.025450	164.500000	0.527046
0.025500	110.300000	0.483046
0.025550	70.500000	0.527046
0.025600	43.400000	0.699206
0.025650	25.600000	0.699206
0.025700	15.400000	0.699206
0.025750	9.100000	0.316228
0.025800	6.400000	0.516398
0.025850	4.800000	1.032796
0.025900	4.100000	0.316228
0.025950	3.200000	0.421637
0.026000	2.900000	0.316228
0.026050	2.000000	0.000000
0.026100	1.900000	0.316228
0.026150	1.500000	0.527046
0.026200	1.000000	0.000000
0.026250	1.000000	0.000000
0.026300	1.400000	0.843274
0.026350	0.900000	0.875595
0.026400	0.700000	0.483046
0.026450	0.500000	0.527046
0.026500	0.100000	0.316228
0.026550	0.100000	0.316228
0.026600	0.400000	0.699206
0.026650	0.000000	0.000000
0.026700	0.000000	0.000000
0.026750	0.100000	0.316228
0.026800	0.800000	0.421637
0.026850	0.000000	0.000000
0.026900	0.000000	0.000000
0.026950	0.000000	0.000000
