0.021000	0.000000	NaN
0.021050	0.000000	NaN
0.021100	0.000000	NaN
0.021150	0.000000	NaN
0.021200	0.000000	NaN
0.021250	0.000000	NaN
0.021300	0.000000	NaN
0.021350	0.000000	NaN
0.021400	0.000000	NaN
0.021450	0.000000	NaN
0.021500	0.000000	NaN
0.021550	0.000000	NaN
0.021600	0.000000	NaN
0.021650	0.000000	NaN
0.021700	0.000000	NaN
0.021750	0.000000	NaN
0.021800	0.000000	NaN
0.021850	0.000000	NaN
0.021900	0.000000	NaN
0.021950	0.000000	NaN
0.022000	0.000000	NaN
0.022050	0.000000	NaN
0.022100	0.000000	NaN
0.022150	0.000000	NaN
0.022200	0.000000	NaN
0.022250	0.000000	NaN
0.022300	1.000000	NaN
0.022350	1.000000	NaN
0.022400	1.000000	NaN
0.022450	1.000000	NaN
0.022500	2.000000	NaN
0.022550	0.000000	NaN
0.022600	2.000000	NaN
0.022650	3.000000	NaN
0.022700	3.000000	NaN
0.022750	4.000000	NaN
0.022800	5.000000	NaN
0.022850	7.000000	NaN
0.022900	8.000000	NaN
0.022950	10.000000	NaN
0.023000	12.000000	NaN
0.023050	13.000000	NaN
0.023100	17.000000	NaN
0.023150	20.000000	NaN
0.023200	24.000000	NaN
0.023250	28.000000	NaN
0.023300	34.000000	NaN
0.023350	39.000000	NaN
0.023400	44.000000	NaN
0.023450	49.000000	NaN
0.023500	56.000000	NaN
0.023550	64.000000	NaN
0.023600	70.000000	NaN
0.023650	78.000000	NaN
0.023700	89.000000	NaN
0.023750	100.000000	NaN
0.023800	113.000000	NaN
0.023850	128.000000	NaN
0.023900	140.000000	NaN
0.023950	152.000000	NaN
0.024000	160.000000	NaN
0.024050	165.000000	NaN
0.024100	164.000000	NaN
0.024150	158.000000	NaN
0.024200	149.000000	NaN
0.024250	138.000000	NaN
0.024300	126.000000	NaN
0.024350	114.000000	NaN
0.024400	105.000000	NaN
0.024450	98.000000	NaN
0.024500	96.000000	NaN
0.024550	96.000000	NaN
0.024600	99.000000	NaN
0.024650	104.000000	NaN
0.024700	110.000000	NaN
0.024750	116.000000	NaN
0.024800	120.000000	NaN
0.024850	125.000000	NaN
0.024900	128.000000	NaN
0.024950	128.000000	NaN
0.025000	128.000000	NaN
0.025050	125.000000	NaN
0.025100	123.000000	NaN
0.025150	119.000000	NaN
0.025200	116.000000	NaN
0.025250	112.000000	NaN
0.025300	110.000000	NaN
0.025350	110.000000	NaN
0.025400	114.000000	NaN
0.025450	118.000000	NaN
0.025500	128.000000	NaN
0.025550	139.000000	NaN
0.025600	150.000000	NaN
0.025650	162.000000	NaN
0.025700	171.000000	NaN
0.025750	177.000000	NaN
0.025800	178.000000	NaN
0.025850	174.000000	NaN
0.025900	167.000000	NaN
0.025950	157.000000	NaN
0.026000	145.000000	NaN
0.026050	131.000000	NaN
0.026100	120.000000	NaN
0.026150	112.000000	NaN
0.026200	106.000000	NaN
0.026250	102.000000	NaN
0.026300	102.000000	NaN
0.026350	104.000000	NaN
0.026400	108.000000	NaN
0.026450	112.000000	NaN
0.026500	117.000000	NaN
0.026550	121.000000	NaN
0.026600	125.000000	NaN
0.026650	126.000000	NaN
0.026700	128.000000	NaN
0.026750	128.000000	NaN
0.026800	126.000000	NaN
0.026850	121.000000	NaN
0.026900	117.000000	NaN
0.026950	113.000000	NaN
0.027000	110.000000	NaN
0.027050	111.000000	NaN
0.027100	111.000000	NaN
0.027150	117.000000	NaN
0.027200	126.000000	NaN
0.027250	137.000000	NaN
0.027300	150.000000	NaN
0.027350	164.000000	NaN
0.027400	175.000000	NaN
0.027450	182.000000	NaN
0.027500	186.000000	NaN
0.027550	185.000000	NaN
0.027600	180.000000	NaN
0.027650	170.000000	NaN
0.027700	159.000000	NaN
0.027750	146.000000	NaN
0.027800	134.000000	NaN
0.027850	123.000000	NaN
0.027900	114.000000	NaN
0.027950	109.000000	NaN
0.028000	104.000000	NaN
0.028050	103.000000	NaN
0.028100	104.000000	NaN
0.028150	106.000000	NaN
0.028200	109.000000	NaN
0.028250	113.000000	NaN
0.028300	117.000000	NaN
0.028350	120.000000	NaN
0.028400	122.000000	NaN
0.028450	122.000000	NaN
0.028500	120.000000	NaN
0.028550	118.000000	NaN
0.028600	113.000000	NaN
0.028650	108.000000	NaN
0.028700	104.000000	NaN
0.028750	101.000000	NaN
0.028800	102.000000	NaN
0.028850	106.000000	NaN
0.028900	113.000000	NaN
0.028950	125.000000	NaN
0.029000	138.000000	NaN
0.029050	152.000000	NaN
0.029100	164.000000	NaN
0.029150	175.000000	NaN
0.029200	182.000000	NaN
0.029250	183.000000	NaN
0.029300	181.000000	NaN
0.029350	175.000000	NaN
0.029400	166.000000	NaN
0.029450	156.000000	NaN
0.029500	145.000000	NaN
0.029550	133.000000	NaN
0.029600	124.000000	NaN
0.029650	116.000000	NaN
0.029700	109.000000	NaN
0.029750	104.000000	NaN
0.029800	99.000000	NaN
0.029850	94.000000	NaN
0.029900	89.000000	NaN
0.029950	83.000000	NaN
0.030000	77.000000	NaN
0.030050	69.000000	NaN
0.030100	61.000000	NaN
0.030150	53.000000	NaN
0.030200	45.000000	NaN
0.030250	37.000000	NaN
0.030300	30.000000	NaN
0.030350	24.000000	NaN
0.030400	18.000000	NaN
0.030450	14.000000	NaN
0.030500	10.000000	NaN
0.030550	7.000000	NaN
0.030600	5.000000	NaN
0.030650	4.000000	NaN
0.030700	3.000000	NaN
0.030750	2.000000	NaN
0.030800	2.000000	NaN
0.030850	1.000000	NaN
0.030900	1.000000	NaN
0.030950	1.000000	NaN
